Test 0: Direct Comparison
OldGlass and NewGlass vs. Verified
Configuration:
	TimeTolerance: 60.000000 seconds 
	DefaultDistanceTolerance: 250.000000 kilometers 
	MinimumPhases: 0
	PDESource: Verified
Results:
	31 OldGlass Earthquakes matched
	44 Verified Earthquakes did not match
	41.333333 percent OldGlass matched

	31 NewGlass Earthquakes matched
	44 Verified Earthquakes did not match
	41.333333 percent NewGlass matched


Test 0: OldGlass matched quakes:
20150814003757.550  59.8066 -153.1402  14.28 0.96  0.0 29
20150814012348.340  33.6393  141.1473   5.00 0.63  0.0 7
20150814020131.270  41.9065 -119.8744   5.00 1.64  0.0 12
20150814043526.400  41.9015 -119.9014   0.00 1.50  0.0 32
20150814044342.750  42.7252  142.8516   0.00 1.91  0.0 9
20150814044656.990  34.1320   26.2942   7.72 1.02  0.0 15
20150814060800.460  36.5642 -120.9575   9.26 1.72  0.0 15
20150814063214.880  41.8410 -119.2625  14.11 1.19  0.0 28
20150814063341.390  27.9978  127.1012  18.37 1.57  0.0 8
20150814064152.900  41.4709 -124.4966   0.00 3.26  0.0 11
20150814093657.100 -58.5687  -23.9637   0.00 1.94  0.0 43
20150814101147.200  21.6745  -47.4599 309.08 1.80  0.0 9
20150814105750.490  -3.9072  138.5922   5.00 1.13  0.0 7
20150814121315.220  39.0233  142.0278  20.00 1.70  0.0 6
20150814123135.560  -5.0144  140.0592  12.36 2.05  0.0 11
20150814132802.240 -27.0489 -175.2972  46.48 1.10  0.0 9
20150814134310.940 -27.2793 -175.1809  21.83 1.08  0.0 8
20150814134832.630  34.6859   73.1779  54.03 1.57  0.0 14
20150814140914.140 -25.7791 -177.0131   5.00 1.10  0.0 7
20150814144915.360 -18.3390 -177.6596 584.15 0.20  0.0 8
20150814152057.410  34.4982   26.3246  20.00 1.86  0.0 9
20150814180311.880  21.2472  -45.9525  50.48 1.15  0.0 14
20150814191313.390  15.0349  146.7746  38.04 1.41  0.0 33
20150814212541.130  36.7876  -97.7686  12.00 1.76  0.0 51
20150814220341.730  -7.4836  130.9929  70.83 0.53  0.0 7
20150814220429.380 -26.1553 -177.6692 216.59 1.52  0.0 25
20150814222526.740  -5.9095  155.6929   8.00 0.77  0.0 10
20150814222529.140  13.8539  145.1301 144.39 1.46  0.0 46
20150814230610.520  41.9013 -119.7540   4.00 2.29  0.0 17
20150814232405.820 -27.0909 -176.2370  36.00 1.37  0.0 32
20150814235329.430 -21.6253  169.9884   5.00 0.78  0.0 8

To: Verified quakes:
20150814003803.000  59.9977 -152.6899  87.60 0.67  3.6 208
20150814012348.720  33.4007  141.1254  33.01 0.83  4.6 112
20150814020129.130  41.8829 -119.6247   9.79 0.41  2.6 27
20150814043527.650  41.8713 -119.6179  10.52 0.71  3.4 125
20150814044344.800  42.6544  143.1762  87.51 0.83  5.2 673
20150814044658.620  34.2124   26.2411  19.60 1.08  4.2 51
20150814060800.440  36.4357 -121.0120   7.22 0.53  3.0 56
20150814063217.730  41.8841 -119.6241   9.48 0.80  3.5 58
20150814063354.580  28.3429  127.6503 179.75 0.63  4.8 102
20150814064131.900  41.2821 -127.1043  10.00 1.04  4.4 65
20150814093703.230 -58.9719  -25.6942  10.00 0.92  4.9 110
20150814101105.390  21.1441  -45.7866  10.00 0.74  5.0 543
20150814105757.700  -3.7479  138.2149  85.69 0.87  4.3 37
20150814123135.960  -4.9539  140.1727  35.00 0.85  5.0 149
20150814132800.430 -27.3073 -176.0490  10.37 0.94  5.7 133
20150814134830.210  34.6642   73.3111  29.17 0.92  4.5 42
20150814134312.780 -27.0764 -176.0060  10.00 0.94  5.2 93
20150814140917.110 -26.0837 -177.0979  99.12 1.25  5.2 186
20150814144916.800 -18.0489 -178.0276 576.01 1.36  4.6 148
20150814152054.930  34.0775   26.2189  19.25 1.14  4.4 52
20150814180302.780  21.1039  -45.8517  10.00 0.83  5.5 718
20150814191306.320  14.8071  147.1051  10.00 0.90  4.8 126
20150814212540.600  36.8311  -97.8011   0.09 1.01  4.1 443
20150814220334.560  -6.8732  131.3416  35.00 1.16  5.1 252
20150814220424.810 -26.3324 -177.8347 165.50 0.79  5.1 322
20150814222528.200  13.9740  144.9270 147.73 0.62  4.7 115
20150814222535.490  -6.1815  155.4904  56.99 0.62  4.9 54
20150814230610.730  41.9115 -119.6212   9.45 0.79  2.6 37
20150814232402.350 -27.1672 -176.1626  10.00 0.78  4.9 107
20150814235331.770 -21.7769  170.1449  71.91 0.82  4.9 101
20150814121317.980  38.9908  142.0624  56.38 0.87  4.5 37

Test 0: NewGlass matched quakes:
20150814020133.825  41.9236 -119.8930   1.00  NaN  0.0 13
20150814063222.560  42.0269 -119.7424  27.23  NaN  0.0 33
20150814134313.345 -27.2606 -175.4701  39.92  NaN  0.0 21
20150814064135.230  41.3246 -127.2089  10.44  NaN  0.0 32
20150814213005.832  35.0291  -94.8089   1.00  NaN  0.0 9
20150814140915.448 -26.3459 -176.5832 113.91  NaN  0.0 25
20150814043531.976  42.0778 -119.5003  19.25  NaN  0.0 31
20150814220428.907 -26.2720 -177.7526 209.04  NaN  0.0 228
20150814003801.848  59.9226 -152.7237  37.94  NaN  0.0 83
20150814220422.897  -5.1147  130.7432 407.47  NaN  0.0 32
20150814063354.452  28.3352  127.6632 178.28  NaN  0.0 163
20150814230610.792  42.1606 -119.9218 177.23  NaN  0.0 15
20150814212617.596  39.7949  -93.6312 594.17  NaN  0.0 21
20150814105805.965  -3.8976  137.6249 203.23  NaN  0.0 15
20150814074124.217  40.6921  -74.3978   1.00  NaN  0.0 29
20150814105210.996  47.5655 -146.9138   1.00  NaN  0.0 12
20150814180310.299  21.0899  -45.7151  60.77  NaN  0.0 577
20150814101110.395  21.1495  -45.7065  45.29  NaN  0.0 455
20150814203414.218  36.1872  -97.2091   1.00  NaN  0.0 23
20150814152051.829  33.9214   26.1829   1.00  NaN  0.0 24
20150814044343.470  42.6991  143.4997  85.97  NaN  0.0 234
20150814123134.968  -4.9474  140.2012  29.40  NaN  0.0 85
20150814132758.335 -27.3364 -175.4973   6.48  NaN  0.0 48
20150814210612.762  36.7182  -97.7733   1.00  NaN  0.0 23
20150814060759.810  36.3374 -121.2189   1.00  NaN  0.0 22
20150814031923.150  36.4259  -98.0675   1.00  NaN  0.0 21
20150814134832.441  34.6012   73.2678  63.32  NaN  0.0 17
20150814103439.438  35.7645  -97.6236   1.00  NaN  0.0 23
20150814235327.308 -21.9048  170.0963   1.00  NaN  0.0 14
20150814101327.939  17.6628  -56.7418 455.35  NaN  0.0 12
20150814044655.455  33.9911   26.2240   1.00  NaN  0.0 23

To: Verified quakes:
20150814003803.000  59.9977 -152.6899  87.60 0.67  3.6 208
20150814020129.130  41.8829 -119.6247   9.79 0.41  2.6 27
20150814043527.650  41.8713 -119.6179  10.52 0.71  3.4 125
20150814044344.800  42.6544  143.1762  87.51 0.83  5.2 673
20150814044658.620  34.2124   26.2411  19.60 1.08  4.2 51
20150814060800.440  36.4357 -121.0120   7.22 0.53  3.0 56
20150814063217.730  41.8841 -119.6241   9.48 0.80  3.5 58
20150814063354.580  28.3429  127.6503 179.75 0.63  4.8 102
20150814064131.900  41.2821 -127.1043  10.00 1.04  4.4 65
20150814074124.530  40.7513  -74.5517   3.50 0.73  2.7 95
20150814101105.390  21.1441  -45.7866  10.00 0.74  5.0 543
20150814105757.700  -3.7479  138.2149  85.69 0.87  4.3 37
20150814123135.960  -4.9539  140.1727  35.00 0.85  5.0 149
20150814132800.430 -27.3073 -176.0490  10.37 0.94  5.7 133
20150814134830.210  34.6642   73.3111  29.17 0.92  4.5 42
20150814134312.780 -27.0764 -176.0060  10.00 0.94  5.2 93
20150814140917.110 -26.0837 -177.0979  99.12 1.25  5.2 186
20150814152054.930  34.0775   26.2189  19.25 1.14  4.4 52
20150814180302.780  21.1039  -45.8517  10.00 0.83  5.5 718
20150814031922.700  36.4052  -98.1486   7.00 0.56  2.6 43
20150814212540.600  36.8311  -97.8011   0.09 1.01  4.1 443
20150814203414.800  36.1423  -97.5066   5.00 0.60  2.8 78
20150814210610.800  36.8195  -97.7102   4.59 0.51  2.9 58
20150814220334.560  -6.8732  131.3416  35.00 1.16  5.1 252
20150814220424.810 -26.3324 -177.8347 165.50 0.79  5.1 322
20150814230610.730  41.9115 -119.6212   9.45 0.79  2.6 37
20150814235331.770 -21.7769  170.1449  71.91 0.82  4.9 101
20150814103439.540  35.7050  -97.4948   7.37 0.30  2.3 40
20150814212954.800  36.8319  -97.8050   1.14 1.11  2.9 34
20150814105135.740  58.9800 -138.0700  10.00 0.49  2.5 20
20150814101256.610  21.1549  -45.8379  10.00 1.06  4.7 89

