HUIDEVENT;DLAT;DLON;DDEPTH;TORIGIN;IGAP;DRMS;DDMIN;NPH;DPREFMAG
10003KUS;-4.0216;-104.168198;10;1444185021.04;112;0.97;1585.75;237;5.358
10003L1M;52.255501;-168.463806;9.33;1444261403.16;72;1.16;84.06;351;5.098
10003KUB;44.611401;-128.824203;10;1444177771.95;219;1.06;393.63;58;3.907
10003KUI;18.8892;-64.2565;34.65;1444180106.49;328;0.56;19.59;18;2.55
10003KUC;36.991402;-97.955704;5.78;1444178735.81;37;0.42;3.89;78;2.75
10003N60;51.356499;-174.429794;3.9;1444181255;0;0.57;0;15;2.61
10003L1L;-2.572;140.355698;24.28;1444182472.53;86;0.8;39.14;28;4.314
10003NUW;-0.8148;97.513298;25.89;1444180886.44;193;1.28;234.07;14;4.252
10003KUP;-30.382299;-72.067802;12.5;1444183945.21;196;0.58;52.6;30;4.231
10003N61;53.227798;-160.501297;10;1444184665.91;236;0.76;236.4;36;3.202
10003NUY;4.6912;95.644798;76.26;1444186074.19;194;1.32;156.01;15;4.269
10003NUX;-4.0482;-104.389;10;1444186171.58;233;1.22;2567.38;36;4.523
10003KW7;18.27;-65.365501;20.78;1444187371.1;177;0.55;9.8;11;2.8
10003KUW;-30.8207;-71.444603;40.64;1444186930.85;68;0.43;24.35;54;4.504
10003NV0;-18.232;-178.108902;583.44;1444187824.47;83;0.51;409.64;26;4.291
10003KW8;18.694;-65.1408;62.18;1444188715.15;235;0.16;43.12;8;2.55
10003N62;52.467499;-168.636307;51.9;1444189126;0;0.48;0;19;2.9
10003KUV;33.881302;136.308701;384.69;1444186877.55;41;0.46;175.8;347;4.601
10003KV3;62.2449;-153.391098;2.1;1444188587;0;0.72;0;134;3.3
10003NV1;-33.238701;-177.779404;10;1444189772.24;200;0.94;596.89;25;4.728
10003NVB;-5.4741;151.843903;60.54;1444190304.29;95;0.6;146;25;4.682
10003N64;52.3965;-169.235306;20.5;1444190913;0;1.01;0;17;3.11
10003KV9;-30.2705;-177.880295;27.64;1444189833.44;82;0.58;113.64;129;4.963
10003NV2;-1.0213;120.7043;63.51;1444190770.79;127;0.93;229.84;19;4.326
10003N63;55.752701;-157.013504;26.7;1444190849;0;0.57;0;53;3.3
10003KVD;44.057499;146.993103;45.83;1444191407.45;141;0.71;352.49;40;4.311
10003KVI;-30.3764;-72.174896;11.91;1444193154.96;196;0.7;61.38;31;4.084
10003KVF;36.319302;-97.550102;1.307;1444192570.8;61;0.46;0;66;2.9
10003NV3;-17.6399;167.359299;21.24;1444193514.88;124;0.44;242.96;19;4.379
10003N65;52.030602;-175.639099;193.6;1444193888;0;0.25;0;25;2.71
10003NV4;27.8771;84.881699;34.7;1444193900.55;149;0.89;46.48;20;4.245
10003N66;51.7192;178.543396;95.9;1444194027;0;0.29;0;23;3
10003N67;52.541302;-169.236206;41.5;1444197285;0;0.61;0;26;3
10003KVP;-17.746799;-69.789101;127.93;1444197553.08;89;1.26;90.4;278;4.765
10003NV7;-10.7848;165.626007;37.37;1444200817;111;0.7;542.85;30;4.587
10003N6A;52.094002;-170.414597;68.1;1444199140;0;0.72;0;18;2.71
10003KW2;-21.4172;-66.8022;231.23;1444201640.93;80;1.01;221.28;45;4.437
10003KW0;16.2342;-98.200401;17.84;1444200096.71;204;1.34;19.13;99;4.309
10003KW3;-30.293301;-72.138298;7.32;1444202942.17;146;1.43;64.05;44;4.185
10003KWC;36.806499;70.599701;316.62;1444204917.01;45;0.58;35.47;58;4.407
10003NV9;-31.465;-176.910004;33.93;1444203441.95;123;1.16;264.76;43;4.74
10003KWA;-30.2971;-71.361603;8.74;1444204839.98;84;1.41;43.59;58;4.76
10003NVT;14.5747;-94.547501;10;1444208917.2;194;1.05;307.12;26;4.085
10003RAP;24.83;122.129997;6.9;1444212913.8;0;1.68;0;11;4.1
10003LEH;45.657398;26.858601;129.699;1444209902.05;47;0.81;16.68;141;4.432
10003L9F;36.334301;-97.812599;7.319;1444209237.4;66;0.49;0;56;2.8
10003N6T;54.994999;-157.981201;33.5;1444212083;0;0.43;0;21;2.9
10003NVC;-18.449499;-173.5634;35;1444213003.06;138;0.5;536.96;37;4.622
10003NVD;26.349001;140.447906;384.54;1444213952.49;112;0.62;191.48;43;4.312
10003KX1;36.118198;-97.303802;5.982;1444218515.7;60;0.48;0;49;3
10003KX2;59.986401;-152.577301;81.9;1444219348;0;0.63;0;125;2.5
10003KX5;-31.4844;-71.7733;24.75;1444221277;115;0.64;90.74;49;4.457
10003KX9;-31.826099;-72.431396;10;1444223202.11;124;0.57;148.45;40;4.197
10003KXH;59.265301;-150.505905;15;1444222876;0;0.63;0;136;2.5
10003L9M;36.8424;-97.789299;3.109;1444225194.2;40;0.42;0;33;2.5
10003N68;51.855099;-171.429504;25.6;1444198232;0;0.73;0;35;3.3
10003KY7;18.9105;-64.310799;18.86;1444227534.56;309;2.04;20.3;8;2.53
10003KY0;61.569199;-141.0811;13.3;1444228059;0;1.36;0;87;2.7
10003NVI;6.8568;-73.024002;146.92;1444228547.48;75;0.63;106.64;29;4.109
10003KXC;32.408699;-115.240997;5;1444224530;0;0.81;0;42;3.2
10003NVH;33.233601;138.110992;324.22;1444228392.14;96;0.52;254.97;34;4.134
10003XMH;12.33;123.730003;11;1444228662;0;0.37;0;11;4.596
10003KXQ;41.878399;-119.633904;9.3;1444229327.23;76;0.59;15.68;22;2.7
10003L9U;35.465;-97.027496;5.942;1444230200.7;152;0.64;0;38;2.5
10003KXZ;36.3964;-97.289497;3.311;1444231245.5;53;0.55;0;70;2.9
10003NVK;27.2026;53.386299;10;1444242096.56;130;1.07;376.62;29;4.116
10003N6D;51.808102;178.359802;109.8;1444242892;0;0.15;0;11;2.5
10003NVJ;-22.5473;179.3694;569.91;1444234406.64;195;1.04;548.75;35;4.086
10003KXW;63.064301;-150.643799;110.5;1444230752;0;0.47;0;196;3.5
10003KZM;-2.8781;126.203903;42.41;1444245890.89;51;0.77;423.32;58;4.597
10003KZS;-30.8095;-71.420303;40.82;1444246517.09;57;0.71;25.46;48;4.505
10003L2B;19.665701;-64.340797;44.92;1444251718.41;322;0.33;104.63;12;3.15
10003N6E;51.345001;-175.406296;25.5;1444245960;0;0.27;0;23;2.5
10003L09;-17.1882;121.892097;10;1444249812.49;71;0.87;409.86;47;4.501
10003L13;39.311798;-114.988197;0;1444254704.05;85;0.67;66.49;28;2.269
10003L0T;36.263599;-97.4711;10.855;1444253418.8;60;0.53;0;49;2.5
10003XPG;-21.969999;-69.928001;50.4;1444256067;0;0.53;0;19;3.9
10003L9W;36.3465;-96.787003;3.639;1444261972.6;65;0.64;0;56;2.8
10003L1C;36.365601;-97.451401;7.571;1444257539.4;57;0.53;0;81;3
10003L1K;-31.619499;-72.394699;10;1444261391.23;196;0.95;127.32;29;4.124
10003L1E;63.156601;-150.567703;115.6;1444258112;0;0.46;0;149;3
