Test 0: Direct Comparison
OldGlass and NewGlass vs. Verified
Configuration:
	TimeTolerance: 60.000000 seconds 
	DefaultDistanceTolerance: 250.000000 kilometers 
	MinimumPhases: 0
	PDESource: Verified
Results:
	31 OldGlass Earthquakes matched
	50 Verified Earthquakes did not match
	38.271605 percent OldGlass matched

	39 NewGlass Earthquakes matched
	42 Verified Earthquakes did not match
	48.148148 percent NewGlass matched


Test 0: OldGlass matched quakes:
20151007002934.390  44.7759 -128.6859   9.89 1.29  0.0 22
20151007004532.260  37.0040  -97.8994   0.00 1.36  0.0 31
20151007021226.500 -30.3811  -71.5854   0.00 1.51  0.0 9
20151007023016.350  -4.3847 -104.7337   5.00 1.05  0.0 8
20151007030115.440  33.8211  136.4833 400.00 0.97  0.0 11
20151007030214.990 -31.2233  -71.3670  97.95 0.25  0.0 7
20151007032947.680  62.2164 -153.4397   1.45 1.57  0.0 26
20151007035030.130 -30.3635 -176.6747  58.29 0.61  0.0 9
20151007043606.880  36.3332  -97.5318   0.00 1.69  0.0 35
20151007041653.310  44.0355  146.9600 100.09 0.48  0.0 10
20151007055909.390 -17.5303  -70.7479 100.00 1.07  0.0 8
20151007070742.500 -20.4972  -65.2972 414.72 1.26  0.0 10
20151007072900.660 -30.2718  -72.3584   3.83 1.21  0.0 19
20151007080040.210 -30.2479  -71.2782  13.02 0.41  0.0 7
20151007080157.830  36.8266   70.5657 319.67 0.81  0.0 15
20151007114830.800  36.0042  -96.7440   0.00 1.80  0.0 16
20151007123433.340 -31.5146  -72.0045   5.00 1.35  0.0 13
20151007130644.180 -31.8698  -71.9931   5.22 1.04  0.0 13
20151007132846.250  32.6019 -114.4519  12.00 1.65  0.0 8
20151007142721.950  61.0333 -139.1990   8.00 1.54  0.0 8
20151007144849.180  42.0021 -119.8207  12.60 1.25  0.0 16
20151007151231.260  63.1256 -150.6105  49.19 1.98  0.0 24
20151007152043.220  36.3771  -97.2284   0.35 1.66  0.0 32
20151007192452.910  -2.7675  126.3027  89.12 1.70  0.0 9
20151007203010.730 -17.2288  121.8817   0.00 1.42  0.0 16
20151007215144.950  39.2224 -114.7599   3.97 1.28  0.0 17
20151007223909.330  35.3086  -97.6693  60.88 1.96  0.0 9
20151007224833.480  63.1554 -150.7161  16.00 2.38  0.0 21
20151007234313.120 -31.6803  -72.2009  14.22 1.36  0.0 11
20151007234323.800  52.2088 -168.4440   5.00 1.34  0.0 9
20151007235251.450  36.3288  -96.7081  15.45 0.53  0.0 9

To: Verified quakes:
20151007002931.950  44.6114 -128.8242  10.00 1.06  3.9 58
20151007004535.810  36.9914  -97.9557   5.78 0.42  2.8 78
20151007021225.210 -30.3823  -72.0678  12.50 0.58  4.2 30
20151007023021.400  -4.0216 -104.1682  10.00 0.97  5.4 237
20151007030117.550  33.8813  136.3087 384.69 0.46  4.6 347
20151007030210.850 -30.8207  -71.4446  40.64 0.43  4.5 54
20151007032947.000  62.2449 -153.3911   2.10 0.72  3.3 134
20151007035033.440 -30.2705 -177.8803  27.64 0.58  5.0 129
20151007041647.450  44.0575  146.9931  45.83 0.71  4.3 40
20151007043610.800  36.3193  -97.5501   1.31 0.46  2.9 66
20151007055913.800 -17.7468  -69.7891 127.93 1.26  4.8 278
20151007070720.930 -21.4172  -66.8022 231.23 1.01  4.4 45
20151007072902.170 -30.2933  -72.1383   7.32 1.43  4.2 44
20151007080039.980 -30.2971  -71.3616   8.74 1.41  4.8 58
20151007080157.100  36.8065   70.5997 316.62 0.58  4.4 58
20151007114835.700  36.1182  -97.3038   5.98 0.48  3.0 49
20151007123437.000 -31.4844  -71.7733  24.75 0.64  4.5 49
20151007130642.110 -31.8261  -72.4314  10.00 0.57  4.2 40
20151007132850.000  32.4087 -115.2410   5.00 0.81  3.2 42
20151007144847.230  41.8784 -119.6339   9.30 0.59  2.7 22
20151007151232.000  63.0643 -150.6438 110.50 0.47  3.5 196
20151007152045.500  36.3964  -97.2895   3.31 0.55  2.9 70
20151007142739.000  61.5692 -141.0811  13.30 1.36  2.7 87
20151007192450.890  -2.8781  126.2039  42.41 0.77  4.6 58
20151007203012.490 -17.1882  121.8921  10.00 0.87  4.5 47
20151007215144.500  39.3118 -114.9882   0.00 0.67  2.3 28
20151007223859.400  36.3656  -97.4514   7.57 0.53  3.0 81
20151007224832.000  63.1566 -150.5677 115.60 0.46  3.0 149
20151007234311.230 -31.6195  -72.3947  10.00 0.95  4.1 29
20151007234323.160  52.2555 -168.4638   9.33 1.16  5.1 351
20151007235252.600  36.3465  -96.7870   3.64 0.64  2.8 56

Test 0: NewGlass matched quakes:
20151007144852.228  42.1111 -119.6587   1.00  NaN  0.0 13
20151007055912.408 -17.6447  -69.6599 107.76  NaN  0.0 230
20151007032951.904  62.3443 -153.5742  42.75  NaN  0.0 8
20151007004535.187  37.0991  -97.9585   1.00  NaN  0.0 31
20151007101511.147  25.1926  122.3155  41.28  NaN  0.0 10
20151007002926.512  44.6412 -129.7007  24.17  NaN  0.0 38
20151007130118.764  59.4788 -150.5487  26.16  NaN  0.0 18
20151007132851.532  32.1331 -115.1231   1.00  NaN  0.0 28
20151007120227.472  59.8805 -152.6491  77.97  NaN  0.0 27
20151007044555.365 -30.1513  -72.2377   1.00  NaN  0.0 12
20151007152117.710  36.1298  -94.9575   1.00  NaN  0.0 17
20151007151232.789  62.9969 -150.4464  71.64  NaN  0.0 88
20151007150322.314  35.4796  -97.2406  18.02  NaN  0.0 24
20151007133952.813  36.7024  -98.0411   1.00  NaN  0.0 20
20151007234328.965  52.5559 -168.6490  47.68  NaN  0.0 491
20151007123435.690 -31.4785  -71.5691   1.00  NaN  0.0 25
20151007021222.982 -30.3387  -72.3630   1.00  NaN  0.0 20
20151007213017.875  36.1616  -97.6867   1.00  NaN  0.0 26
20151007224831.352  63.1752 -150.6412 136.16  NaN  0.0 59
20151007080039.446 -30.4650  -71.1441   1.00  NaN  0.0 40
20151007223906.907  36.3537  -97.5657   1.00  NaN  0.0 15
20151007203011.192 -17.2613  121.8450   1.00  NaN  0.0 20
20151007235252.994  36.3262  -96.8625   8.60  NaN  0.0 33
20151007072902.280 -30.3496  -72.0998   1.00  NaN  0.0 44
20151007192452.009  -2.8022  126.3147  54.78  NaN  0.0 10
20151007215147.174  39.2070 -115.1225   1.00  NaN  0.0 9
20151007080157.649  36.7843   70.6233 312.05  NaN  0.0 32
20151007130643.750 -31.8839  -72.2902   1.00  NaN  0.0 20
20151007023039.363  -4.0051 -104.0353 173.93  NaN  0.0 185
20151007070721.412 -21.3706  -66.6501 218.79  NaN  0.0 31
20151007030117.487  33.8773  136.2794 378.64  NaN  0.0 296
20151007030209.787 -30.9891  -71.5229   1.00  NaN  0.0 16
20151007043610.871  36.2768  -97.5411   1.00  NaN  0.0 41
20151007182203.231  29.3250   54.0590  44.31  NaN  0.0 7
20151007114836.294  36.1230  -97.3152   1.00  NaN  0.0 36
20151007064145.732  16.3679  -97.7286  88.37  NaN  0.0 67
20151007234313.500 -31.6710  -72.5384  24.79  NaN  0.0 19
20151007091355.835  36.2289  -98.1324   1.00  NaN  0.0 39
20151007142740.862  61.4857 -140.8732   1.00  NaN  0.0 39

To: Verified quakes:
20151007002931.950  44.6114 -128.8242  10.00 1.06  3.9 58
20151007004535.810  36.9914  -97.9557   5.78 0.42  2.8 78
20151007021225.210 -30.3823  -72.0678  12.50 0.58  4.2 30
20151007023021.400  -4.0216 -104.1682  10.00 0.97  5.4 237
20151007030117.550  33.8813  136.3087 384.69 0.46  4.6 347
20151007030210.850 -30.8207  -71.4446  40.64 0.43  4.5 54
20151007032947.000  62.2449 -153.3911   2.10 0.72  3.3 134
20151007043610.800  36.3193  -97.5501   1.31 0.46  2.9 66
20151007044554.960 -30.3764  -72.1749  11.91 0.70  4.1 31
20151007055913.800 -17.7468  -69.7891 127.93 1.26  4.8 278
20151007064136.710  16.2342  -98.2004  17.84 1.34  4.3 99
20151007070720.930 -21.4172  -66.8022 231.23 1.01  4.4 45
20151007072902.170 -30.2933  -72.1383   7.32 1.43  4.2 44
20151007080039.980 -30.2971  -71.3616   8.74 1.41  4.8 58
20151007080157.100  36.8065   70.5997 316.62 0.58  4.4 58
20151007114835.700  36.1182  -97.3038   5.98 0.48  3.0 49
20151007120228.000  59.9864 -152.5773  81.90 0.63  2.5 125
20151007123437.000 -31.4844  -71.7733  24.75 0.64  4.5 49
20151007130642.110 -31.8261  -72.4314  10.00 0.57  4.2 40
20151007132850.000  32.4087 -115.2410   5.00 0.81  3.2 42
20151007130116.000  59.2653 -150.5059  15.00 0.63  2.5 136
20151007144847.230  41.8784 -119.6339   9.30 0.59  2.7 22
20151007151232.000  63.0643 -150.6438 110.50 0.47  3.5 196
20151007152045.500  36.3964  -97.2895   3.31 0.55  2.9 70
20151007142739.000  61.5692 -141.0811  13.30 1.36  2.7 87
20151007192450.890  -2.8781  126.2039  42.41 0.77  4.6 58
20151007203012.490 -17.1882  121.8921  10.00 0.87  4.5 47
20151007213018.800  36.2636  -97.4711  10.86 0.53  2.5 49
20151007215144.500  39.3118 -114.9882   0.00 0.67  2.3 28
20151007223859.400  36.3656  -97.4514   7.57 0.53  3.0 81
20151007224832.000  63.1566 -150.5677 115.60 0.46  3.0 149
20151007234311.230 -31.6195  -72.3947  10.00 0.95  4.1 29
20151007234323.160  52.2555 -168.4638   9.33 1.16  5.1 351
20151007091357.400  36.3343  -97.8126   7.32 0.49  2.8 56
20151007133954.200  36.8424  -97.7893   3.11 0.42  2.5 33
20151007150320.700  35.4650  -97.0275   5.94 0.64  2.5 38
20151007235252.600  36.3465  -96.7870   3.64 0.64  2.8 56
20151007182136.560  27.2026   53.3863  10.00 1.07  4.1 29
20151007101513.800  24.8300  122.1300   6.90 1.68  4.1 11

